0.3181818181818182 5.636363636363637 5792
0.19047619047619047 5.619047619047619 7990
0.4166666666666667 5.625 9900
0.2727272727272727 5.590909090909091 11899
2.0 5.0 17899
3.533333333333333 5.4 21010
3.53125 5.71875 23013
3.53125 5.71875 25108
3.53125 5.71875 27209
3.5294117647058822 6.0 31009
3.972972972972973 5.756756756756757 33009
4.35 5.55 41318
5.357142857142857 4.5 51219
5.64 3.88 53218
5.735294117647059 3.3823529411764706 55528
5.0 3.0 57328
4.925925925925926 2.8333333333333335 59239
4.925925925925926 2.8333333333333335 61338
4.925925925925926 2.8333333333333335 63238
4.925925925925926 2.8333333333333335 65238
4.36 2.52 67238
4.711538461538462 2.423076923076923 77449
4.761904761904762 2.5238095238095237 79258
5.0 2.8448275862068964 81259
5.146341463414634 2.7804878048780486 83669
