2.1 0.3 32636
2.0 1.0 36231
2.0 1.0 38231
3.466666666666667 0.9333333333333333 40340
3.3333333333333335 1.0 43340
3.3333333333333335 1.0 45251
5.0 2.0 47151
5.0 2.0 49151
5.0227272727272725 2.3181818181818183 51250
5.104166666666667 2.4583333333333335 53150
5.044444444444444 2.3555555555555556 56161
5.104166666666667 2.4583333333333335 58060
5.75 4.0 60060
5.0 4.9 61961
4.62962962962963 5.666666666666667 63961
5.0 6.0 65962
5.0 6.0 68061
4.769230769230769 5.230769230769231 71971
4.6 5.0 77380
4.6 5.0 80381
4.6 5.0 82881
3.0 6.0 84791
